86,10
86,9
86,8
86,7
86,6
86,5
86,4
86,3
86,2
86,1
86,0
85,3
85,2
85,1
85,0
84,6
84,5
84,4
84,3
84,2
84,1
84,0
83,4
83,3
83,2
83,1
83,0
82,10
82,9
82,8
82,7
82,6
82,5
82,4
82,3
82,2
82,1
82,0
81,6
81,5
81,4
81,3
81,2
81,1
81,0
18,14
18,13
18,12
18,11
18,10
0,445
80,4
80,3
80,2
80,1
80,0
79,3
79,2
79,1
79,0
78,4
78,3
78,2
78,1
78,0
77,3
77,2
77,1
77,0
76,3
76,2
0,444
76,1
76,0
75,7
75,6
75,5
75,4
75,3
75,2
75,1
75,0
74,3
74,2
74,1
74,0
73,3
73,2
73,1
73,0
72,5
72,4
72,3
72,2
72,1
72,0
71,5
71,4
71,3
71,2
71,1
71,0
70,7
70,6
70,5
70,4
70,3
70,2
70,1
70,0
69,7
69,6
69,5
69,4
69,3
69,2
69,1
69,0
68,3
68,2
68,1
68,0
67,3
67,2
67,1
67,0
66,3
66,2
66,1
66,0
65,5
65,4
65,3
65,2
65,1
65,0
2,12
64,15
64,14
64,13
64,12
64,11
64,10
64,9
64,8
64,7
64,6
64,5
64,4
64,3
64,2
64,1
64,0
63,6
63,5
0,443
0,442
63,4
63,3
63,2
0,441
63,1
63,0
62,6
62,5
62,4
62,3
62,2
62,1
62,0
61,10
61,9
61,8
61,7
61,6
61,5
61,4
61,3
61,2
61,1
61,0
60,6
60,5
60,4
60,3
60,2
60,1
60,0
59,3
59,2
59,1
59,0
58,5
58,4
58,3
58,2
58,1
58,0
57,4
57,3
57,2
57,1
57,0
56,3
56,2
56,1
56,0
0,440
55,3
55,2
55,1
55,0
54,3
54,2
0,439
0,438
54,1
54,0
2,11
53,10
53,9
53,8
53,7
53,6
53,5
53,4
53,3
53,2
53,1
53,0
0,437
52,3
52,2
52,1
52,0
51,6
51,5
51,4
51,3
51,2
51,1
51,0
50,3
50,2
50,1
50,0
49,4
49,3
49,2
49,1
49,0
48,4
48,3
48,2
48,1
48,0
47,10
47,9
47,8
47,7
47,6
47,5
47,4
47,3
47,2
47,1
47,0
46,7
46,6
46,5
46,4
46,3
46,2
46,1
46,0
45,4
45,3
45,2
45,1
45,0
44,5
44,4
44,3
44,2
44,1
44,0
2,10
43,7
43,6
43,5
43,4
43,3
43,2
43,1
43,0
0,436
0,435
42,5
42,4
42,3
42,2
0,434
42,1
42,0
0,433
0,432
0,431
41,8
41,7
41,6
41,5
41,4
41,3
41,2
0,430
41,1
41,0
0,429
0,428
40,5
40,4
40,3
40,2
0,427
40,1
40,0
0,426
0,425
39,5
39,4
39,3
39,2
0,424
39,1
39,0
0,423
0,422
38,5
38,4
38,3
38,2
0,421
38,1
38,0
0,420
0,419
37,5
37,4
37,3
37,2
0,418
37,1
37,0
0,417
0,416
36,5
36,4
36,3
36,2
0,415
36,1
36,0
0,414
0,413
35,5
35,4
35,3
35,2
0,412
0,411
0,410
35,1
35,0
2,9
0,409
0,408
34,5
34,4
34,3
34,2
0,407
34,1
34,0
0,406
0,405
33,5
33,4
33,3
33,2
0,404
33,1
33,0
0,403
0,402
32,5
32,4
32,3
32,2
0,401
32,1
32,0
0,400
0,399
31,5
31,4
31,3
31,2
0,398
31,1
31,0
0,397
0,396
30,5
30,4
30,3
30,2
0,395
30,1
30,0
0,394
0,393
29,5
29,4
29,3
29,2
0,392
29,1
29,0
0,391
0,390
28,5
28,4
28,3
28,2
0,389
28,1
28,0
0,388
0,387
27,5
27,4
27,3
27,2
0,386
27,1
27,0
0,385
0,384
26,5
26,4
26,3
26,2
0,383
26,1
26,0
2,8
0,382
0,381
25,5
25,4
25,3
25,2
0,380
25,1
25,0
0,378
24,9
24,8
24,7
24,6
24,5
24,4
24,3
24,2
0,377
24,1
24,0
0,376
0,375
23,3
23,2
0,374
23,1
23,0
0,373
0,372
22,5
22,4
22,3
22,2
0,371
22,1
22,0
0,370
0,369
21,9
21,8
21,7
21,6
21,5
21,4
21,3
21,2
0,368
21,1
21,0
0,367
0,366
20,3
20,2
0,365
20,1
20,0
0,364
0,363
19,9
19,8
19,7
19,6
19,5
19,4
19,3
19,2
0,362
19,1
19,0
18,9
18,8
18,7
0,361
0,360
0,359
18,6
18,5
18,4
18,3
18,2
0,358
0,357
0,356
18,1
18,0
0,355
0,354
17,3
17,2
0,353
17,1
17,0
2,7
2,6
0,352
0,351
16,6
16,5
16,4
16,3
16,2
0,350
16,1
16,0
15,6
15,5
0,349
0,348
0,347
15,4
15,3
15,2
0,346
15,1
15,0
0,345
0,344
14,3
14,2
0,343
14,1
14,0
0,342
0,341
13,3
13,2
0,340
13,1
13,0
0,339
0,338
12,12
12,11
12,10
12,9
12,8
12,7
12,6
12,5
12,4
12,3
12,2
0,337
12,1
12,0
2,5
2,4
0,336
0,335
11,11
11,10
11,9
11,8
11,7
11,6
11,5
11,4
11,3
11,2
0,334
11,1
11,0
0,333
0,332
0,331
10,10
10,9
10,8
10,7
10,6
10,5
10,4
10,3
10,2
0,330
10,1
10,0
0,329
0,328
9,6
9,5
9,4
9,3
9,2
0,327
9,1
9,0
0,326
0,325
8,5
8,4
8,3
8,2
0,324
8,1
8,0
0,323
0,322
0,321
7,8
7,7
7,6
7,5
7,4
7,3
7,2
0,320
7,1
7,0
0,319
0,318
6,4
6,3
6,2
0,317
6,1
6,0
5,6
5,5
5,4
5,3
5,2
5,1
5,0
4,3
4,2
4,1
4,0
3,6
3,5
3,4
3,3
3,2
3,1
3,0
2,3
2,2
2,1
2,0
1,3
1,2
1,1
1,0
0,243
0,9
0,1
0,0
0,310
0,305
0,308
0,304
0,303
0,302
0,307
0,12
0,10
0,8
0,300
0,299
0,298
0,297
0,296
0,295
0,294
0,293
0,292
0,291
0,290
0,289
0,288
0,287
0,286
0,285
0,284
0,283
0,282
0,281
0,280
0,279
0,278
0,277
0,276
0,275
0,274
0,273
0,272
0,271
0,270
0,269
0,268
0,267
0,266
0,265
0,264
0,263
0,262
0,261
0,260
0,259
0,258
0,257
0,256
0,255
0,254
0,253
0,252
0,251
0,250
0,249
0,248
0,247
0,246
0,245
0,244
0,242
0,241
0,240
0,239
0,238
0,237
0,236
0,235
0,234
0,233
0,232
0,231
0,230
0,229
0,228
0,227
0,226
0,225
0,224
0,223
0,222
0,221
0,220
0,219
0,218
0,217
0,216
0,215
0,214
0,213
0,212
0,211
0,210
0,209
0,208
0,207
0,206
0,205
0,204
0,203
0,202
0,201
0,200
0,199
0,198
0,197
0,196
0,195
0,194
0,193
0,192
0,63
0,62
0,61
0,60
0,59
0,58
0,57
0,56
0,55
0,54
0,53
0,316
0,52
0,315
0,51
0,314
0,50
0,313
0,49
0,312
0,48
0,311
0,47
0,309
0,46
0,306
0,45
0,301
0,6
0,5
0,11
0,4
0,2
0,3
0,7
